
16.431
14.642
12.611
10.758
8.612
8.538
7.334
6.561
4.574
6.461
5.660
5.082
4.925
4.635
4.771
5.248
4.271
3.973
3.940
3.831
3.872
2.867
2.437
2.212
1.429
1.223
0.996
0.675
0.407
0.127
0.1122334456
-0.04342530081
-0.1817947398
-0.4331128117
-0.5824245818
-0.5020559153
-0.2789546446
-0.309906799
-0.5733601298
0.2283551454
-0.4933906796
0.4193058991
0.3276120212
0.8030205807
1.549210494
1.490795283
1.71148046
1.925658524
2.251709738
2.064608428
2.54777795
2.438852345
2.84492075
3.848783429
4.033858125
4.817189022
5.394286475
5.646952267
7.389952951
9.447620169
9.624368295